# seed numbers from exp4-non-centered
seed <- c(91764, 82978, 69469, 33315, 8445, 7914, 59970, 71412, 90031, 95339, 3019, 72365,
  78542, 14342, 47829, 11826, 43944, 48920, 31247, 26024, 40739, 27750, 82383, 27449,
  88458, 49541, 2600, 38532, 92658, 40057, 24075, 60377, 54333, 21633, 87568, 33512,
  58988, 77564, 87930, 68545, 38057, 62492, 67176, 41095, 86344, 54049, 41767, 69907,
  13681, 27316, 51468, 95010, 99095, 97856, 24991, 80060, 85228, 6994, 5517, 54150,
  57601, 18195, 61007, 22302, 63443, 3278, 24434, 50486, 95440, 24747, 24014, 58983,
  35303, 98354, 86398, 46971, 66952, 71657, 89953, 21126, 14472, 49319, 95136, 79504,
  86432, 16637, 57562, 7180, 90900, 56530, 43524, 10614, 45205, 74191, 36122, 7587, 
  63453, 95610, 68591, 17929)
